[gd_scene load_steps=3 format=3 uid="uid://b2jsay1r0n8yh"]

[ext_resource type="Script" path="res://src/GraffitiController.cs" id="1_65fpr"]
[ext_resource type="PackedScene" uid="uid://cdxypocckqnbg" path="res://prefabs/decal.tscn" id="2_e5fes"]

[node name="GraffitiController" type="Node3D"]
script = ExtResource("1_65fpr")
_decalPrefab = ExtResource("2_e5fes")

[node name="Decal" parent="." instance=ExtResource("2_e5fes")]
transform = Transform3D(-0.171938, -0.742555, -0.64734, 0, 0.657126, -0.753781, 0.985108, -0.129603, -0.112985, 0.949849, 0.859428, 0.165784)

[node name="_Decal_2" parent="." instance=ExtResource("2_e5fes")]
transform = Transform3D(-0.171938, -0.742555, -0.64734, 0, 0.657126, -0.753781, 0.985108, -0.129603, -0.112985, 0.949849, 0.859428, 0.165784)

[node name="_Decal_3" parent="." instance=ExtResource("2_e5fes")]
transform = Transform3D(-0.171938, -0.742555, -0.64734, 0, 0.657126, -0.753781, 0.985108, -0.129603, -0.112985, 0.949849, 0.859428, 0.165784)

[node name="_Decal_4" parent="." instance=ExtResource("2_e5fes")]
transform = Transform3D(-0.171938, -0.742555, -0.64734, 0, 0.657126, -0.753781, 0.985108, -0.129603, -0.112985, 0.949849, 0.859428, 0.165784)

[node name="_Decal_5" parent="." instance=ExtResource("2_e5fes")]
transform = Transform3D(-0.171938, -0.742555, -0.64734, 0, 0.657126, -0.753781, 0.985108, -0.129603, -0.112985, 0.949849, 0.859428, 0.165784)

[node name="_Decal_6" parent="." instance=ExtResource("2_e5fes")]
transform = Transform3D(-0.259781, -0.9468, -0.189955, 0, 0.196709, -0.980462, 0.965668, -0.254705, -0.0511012, 0.949367, 1.50276, 0.255396)

[node name="_Decal_7" parent="." instance=ExtResource("2_e5fes")]
transform = Transform3D(-0.259781, -0.9468, -0.189955, 0, 0.196709, -0.980462, 0.965668, -0.254705, -0.0511012, 0.949367, 1.50276, 0.255396)

[node name="_Decal_8" parent="." instance=ExtResource("2_e5fes")]
transform = Transform3D(-0.259781, -0.9468, -0.189955, 0, 0.196709, -0.980462, 0.965668, -0.254705, -0.0511012, 0.949367, 1.50276, 0.255396)
